,0
0,6.452940476527747
1,0.017452427032403902
2,1.5823441781922594
3,2.29304556914562
4,2.1205701299477155
5,3.9511254223323777
6,12.720648295473962
7,-19.32780108687333
8,5.587887649523427
9,9.382981716279655
10,3.1068379351696915
11,7.5635886871054945
12,0.5021157881625241
13,0.6370489904707743
14,12.035630285866239
15,-2.9013022475587107
16,-3.222112105672021
17,-0.3685666585153925
18,-0.5622975829530218
19,-7.378310130776542
20,4.883865238173198
21,44.839871445737984
22,1.2734506470090594
23,1.2449613606649828
24,49.17751904631211
25,-8.832765462734145
26,-3.129830125824692
27,-1.009460486745499
28,11.699962826922023
29,-3.0100235121158385
30,4.730451596394047
31,19.398232000021764
32,0.4492408553057233
33,0.7538650529897759
34,25.70917572008225
35,17.360476474126187
36,0.0558085135095398
37,-8.915161851863846
38,0.4999297560396155
39,10.33962698653282
40,-7.1684910619699655
41,-10.095655570687525
42,-0.5188847598205351
43,-0.003594586529976744
44,5.933514267615588
45,5.6268383834941975
46,52.05162014785556
47,1.4860281902642665
48,1.3027446393095408
49,57.23106135932661
50,0.4127063216863823
51,-2.89715805082966
52,0.13775385038810556
53,-2.5782625287588643
54,11.094715050351565
55,121.3736767426717
56,858.4441949847163
57,-136.2602029680254
58,-14917.824162164141
59,-1308.9226779491687
60,-8.826896872563818
61,-0.4822439480596588
62,-0.08207115519152801
63,-0.056271300796502034
64,-10.161657899036626
65,9.781176163640238
66,-7.018822198084347
67,-0.4281507185570443
68,-0.06067175707312725
69,2.5601185482121545
70,2.1988100650512403
71,4.94146593701689
72,0.5414522231548266
73,0.10758688313501744
74,6.452132037684523
75,1.04520132953796
76,0.40580501034433264
77,0.5557632457317807
78,3.647280904487812
79,1.9572709095482477
80,-6.133158331486597
81,1.9259800144894963
82,-0.05622737184423306
83,-0.07317187546012881
84,-4.606057059867021
85,0.5090708709368288
86,7.7991780021199855
87,0.3938016865144999
88,0.011456295540682209
89,7.934504812425687
90,1.7346246918868986
91,2.9785437815441047
92,0.2761674885768465
93,0.08594649186120784
94,3.6912046838682935
95,3.0920300189398717
96,3.254034605875087
97,0.3242818059964016
98,0.11249529246694492
99,4.061228309377121
100,1.5733934202002269
101,3.846028271635981
102,-3.446704745925281
103,0.7428995126333982
104,2.757087465346284
105,2.1801989875039647
106,5.0953548515226865
107,0.4821723058401047
108,0.10613120162729524
109,6.491888883632022
110,4.135135086622975
111,21.622857095800505
112,1.1930951845651585
113,0.3546119954315637
114,24.13723253277645
115,25.59161319514659
116,0.4327278735778567
117,-12.672479244276273
118,-0.4534503562217316
119,15.342785333132591
120,-0.7286315951594586
121,5.60078580015758
122,1.780980678114221
123,1.8428972608854857
124,-5.7435441824383675
125,-3.2656608153511715
126,-13.002561585046088
127,-0.9071625239471414
128,-0.318220225656352
129,-15.370656903763466
130,3.818540278715511
131,-4.982189383679924
132,-0.293923567430938
133,-0.10360409865390376
134,-6.703401473173928
135,2.2865397488762094
136,4.725684268858811
137,0.4695236651703317
138,0.11500507383970834
139,6.059010603821082
140,-1.2377287678465678
141,5.98590920279524
142,0.22455523369505687
143,-0.3593365448653575
144,6.0576688849281
145,2.385202824013166
146,3.470595868643259
147,0.22097658034080275
148,0.17937707448292708
149,4.887724742750379
150,1.1218931488435242
151,4.093260570536661
152,0.8508014154787317
153,0.1716713428296382
154,-5.176464215375724
155,-1.9655985934979063
156,-4.079947597105809
157,-0.21081113750584893
158,-0.11385288702670444
159,-5.172419531037772
160,2.0885825110527017
161,4.8017394270728575
162,0.36758394613918105
163,0.10933644451645376
164,6.022916708868611
165,4.3296945104930735
166,4.35156724829775
167,0.7721718379891882
168,10.015048057969512
169,-0.9602195065416036
170,1.1880591414851134
171,3.0018806896252688
172,0.12475280415341915
173,0.0019120295766590085
174,3.7508362460785936
175,1.0304877260237946
176,2.780795397971076
177,0.1378180293103742
178,0.025005808296756
179,4.0161893046575114
180,3.117881172428853
181,10.924749307629108
182,0.6992951516716331
183,0.17095289873798586
184,13.095905730962867
185,-11.464579527394587
186,-5.889457831527549
187,11.013694094089768
188,8.747870186105443
189,-11.701049656341937
190,7.535676535212179
191,1.9499758457947105
192,-2.2777584945787748
193,-1.9176483541283718
194,0.4517083456409184
195,2.13206321772302
196,4.2754732409317695
197,0.3331617724728091
198,0.08646452245026623
199,5.450634942596699
200,-2.1243600645662983
201,-3.298483103010936
202,-0.0965154019998722
203,-0.04545446049334123
204,-3.862926531626351
205,4.270423897872904
206,3.6479694722063702
207,0.10670302973547248
208,0.05760196237371935
209,4.814787545743171
210,2.063133277687013
211,3.997645572008629
212,-9.940006932280543e-06
213,0.20059115932436852
214,5.051358622829775
215,-0.02456703731692277
216,-3.2276506898251895
217,-1.8484191256659293
218,1.7349344656683106
219,-3.8742525960056096
220,3.3951998626531545
221,3.1923941517133
222,0.21993151709038533
223,0.04599068589322591
224,4.072396184510873
225,1.851837459787981
226,2.9351959869540685
227,0.2362948946875163
228,0.05350682725042031
229,3.628816166491704
230,-6.321445372875413
231,2.6884431528536346
232,0.1600663765224779
233,0.06331764400389901
234,-3.8144239704613896
235,9.038884712114092
236,1.3139596668726452
237,0.2532545047755934
238,-0.06846115574572836
239,6.939714247460612
240,-4.5414756113807355
241,-0.21730912970856428
242,1.8636879084950628
243,-0.4090335725521303
244,0.08856753935532258
245,-3.1069804077344263
246,-12.371518492065228
247,-0.7536393820773801
248,-0.2758316046094286
249,-14.543982314629606
250,-0.7433669907201573
251,6.866615684791081
252,-0.19496001948669414
253,-0.018431674185970897
254,7.548977169539827
255,2.692582224261018
256,3.24789280831866
257,0.4375105185348477
258,0.12184782570467108
259,4.974232372898214
260,2.0765401539420147
261,3.2533009047938557
262,0.10376200860700564
263,0.08372512998055058
264,4.409218433517411
265,1.9561485143256727
266,-2.5794906894925327
267,-0.10146961332553713
268,-0.04854989580677966
269,-3.720052127882154
270,-0.4805013935892429
271,-0.003317253371775769
272,1.6745163095573936
273,0.7649657377602449
274,-1.5338696501872409
275,1.9911341942278515
276,3.6747458465703016
277,0.02281882359273177
278,0.028723549386676105
279,4.64738748628338
280,1.11583754035642
281,-5.7933346722683385
282,-0.21267542995771416
283,0.3769807986794945
284,-6.648884101832165
285,2.450032489423116
286,3.543684916484221
287,0.3136831853727984
288,0.1446590684150346
289,5.054720487986066
290,2.390929451694044
291,1.702575284694055
292,-0.1832875394539468
293,-0.3140058329000677
294,4.064959583923172
295,2.3488098449268633
296,2.913751748541989
297,-0.02301531105315553
298,-0.18976957705750505
299,5.263070818385625
300,0.8802197578872164
301,3.2379532368131345
302,0.17931492531569845
303,0.020520886343871832
304,3.576842383939969
305,0.7644413750346548
306,2.749822192434572
307,0.1560767797289067
308,0.02733731372046801
309,3.623130581986617
310,-1.2793167789272035
311,7.097514426284138
312,-0.04902354525245528
313,0.4554866919399953
314,7.147087873776028
315,-2.5772185550067377
316,-4.062328810287683
317,-0.4107837579153943
318,-0.04337390764765454
319,-5.617096892463585
320,0.6231579833543645
321,5.018760997507742
322,0.1948666409722174
323,0.036594384776131694
324,4.994580693213256
325,-16.081520176264284
326,2.9482551690489296
327,-1.8246311075808617
328,-1.9038755429881484
329,-9.563949203000556
330,1.8625092265096108
331,3.9205636186597967
332,0.15878114787816328
333,0.05756927764615113
334,4.934355619842257
335,0.6812848846033671
336,4.095634542948037
337,1.0982592767630364
338,-3.656055826511246
339,2.095244280142933
340,3.339392245096304
341,3.5287656713950217
342,0.26262232987598383
343,0.0607688692608161
344,4.458420830423742
345,2.232177402027038
346,3.371066567496311
347,0.256541314890889
348,0.05162060095070059
349,4.050144675446786
350,5.058497117166585
351,4.6831521416739434
352,2.5388740381831028
353,0.12857808487268585
354,8.970904093265506
355,3.6283335502438887
356,11.078934774124694
357,1.3255529050151875
358,0.1903921782853264
359,13.802642452985737
360,4.999859778109047
361,2.7555720060018283
362,1.3303633743146868
363,-0.011995080460720002
364,6.916854695353631
365,4.230246516008068
366,5.345684934314294
367,1.089283803794024
368,0.037992834820971336
369,8.803625471698668
370,1.9502403047702064
371,3.2473163921723343
372,0.2293216006613105
373,0.02700892113931383
374,3.5362361305045207
375,1.625752130071324
376,3.0497732530822894
377,0.2301944839187451
378,0.03190785462616681
379,3.4696575575211037
380,2.110552156816248
381,5.1658130632445385
382,0.22518319793651845
383,0.07673422620436965
384,6.201298311677236
385,3.4364726718254763
386,-3.107560517098748
387,1.2245277691397254
388,-6.270823322667567
389,5.924381828763705
390,10.027988265187727
391,2.5515231806199217
392,-0.05794265026227634
393,-0.018651629326366874
394,-2.9805360641430942
395,2.1405512658917845
396,4.336393235995353
397,0.20359590373899344
398,0.057269030761233325
399,5.476680570511496
400,1.8042088573881097
401,3.455327046640363
402,0.2706501079026582
403,0.03377252646102291
404,4.141720822874399
405,3.002029961744986
406,3.6588501468794736
407,0.26995035338735346
408,0.06200617672931945
409,4.379242629021388
410,-2.7642392256301465
411,-10.76749269173432
412,-0.7414513032947266
413,-0.14104602159027496
414,-12.926988399673913
415,13.699471262787332
416,2.5161131529481544
417,0.9093402370905034
418,27.75996366135368
419,15.197322125058653
420,2.2665897838092857
421,3.88332388927472
422,0.08369695541467456
423,0.28737300352667616
424,-5.8995738202356955
425,3.075475981335417
426,7.5942029116065575
427,0.2855350424088431
428,0.14170271418905922
429,9.905578302212673
430,5.4147192029457
431,-1.3534259912371185
432,-0.08086049454195543
433,2.274114547432728
434,0.928252413611576
435,2.5584411330129164
436,6.15686790502397
437,0.3389027944225719
438,0.07353588142417136
439,7.4738097505917
440,4.532852997577447
441,3.665270735650773
442,0.13005495176691734
443,0.07222318234627079
444,4.953253617636795
445,-2.1631997489869508
446,-3.3431230859185765
447,-0.11632968638260767
448,-0.05772366131770619
449,-3.9886684458766983
450,2.366685333361766
451,5.751186146677332
452,0.13278313093121086
453,0.08120593468272247
454,6.8844971863330935
455,-8.680146246887633
456,-0.4886273192001299
457,0.8115211040660507
458,2.1644359776785134
459,0.27743598625922505
460,0.5837615828437316
461,8.588050492589028
462,0.30749748992699355
463,0.016549471025579927
464,8.619725353545133
465,-7.3258361616937115
466,1.343973833923378
467,-0.010863615012143777
468,-0.026037743630372357
469,-6.968358506298848
470,1.7668313097849018
471,-0.336959135753868
472,-0.11630540229307823
473,-0.06964354467370533
474,-1.6231144858499262
475,2.510267836472919
476,5.652494936866606
477,0.18027093474073455
478,0.06570505420712335
479,7.9799462085550825
